1
1.9
3.61
6.86
13.04
24.76099
47.05
89.39
169.84
322.69
613.1066257801
1,167.91
2,213.32
4,205.30
7,990.07
15,181.127029874798299
28,844.15
54,803.87
104,127.36
197,841.97
375,899.73457545958193355601
714,209.5
1,356,998.05
2,578,296.28
4,898,762.94
9,307,649.5688256089536609610280499
17,684,534.2
33,600,614.95
63,841,168.4
121,298,219.95
230,466,617.89719521504550951940593
437,886,574.01
831,984,490.61
1,580,770,532.16
3,003,464,011.1
5,706,581,621.0862717477897107549151
10,842,505,080.07
20,600,759,652.13
39,141,443,339.04
74,368,742,344.16
141,300,610,453.90096388430355010535
268,471,159,862.42
510,095,203,738.59
969,180,887,103.31
1,841,443,685,496.29
3,498,743,002,442.9372277296013611231
6,647,611,704,641.59
12,630,462,238,819.01
23,997,878,253,756.11
45,595,968,682,136.61